239890
363260
262840
950210
366330
277810
321820
248070
163730
348030
352700
086710
375500
236810
368770
257990
322190
367460
253610
365550
369370
357550
314130
335810
347860
365590
064850
353060
356860
286000
352940
354200
367340
317690
009900
352770
318020
129890
265740
199820
299030
244920
340570
348150
330860
339770
290690
348350
347000
301300
122830
214610
304840
352820
348210
053080
126340
359090
323990
363280
318410
355150
347770
291650
294090
293490
347740
357120
353490
332370
331920
348840
950190
337930
060850
032300
348950
357780
164060
357250
350520
332570
101360
353070
347890
298540
225220
304100
343510
266470
277880
262260
334890
351340
950200
290520
330350
326030
169330
229000
354230
322970
351320
297890
298060
353190
353810
223250
353200
349720
329020
344860
343090
347140
198080
237820
340350
092190
204270
274090
294140
294630
344050
065370
342550
341160
344820
341310
340440
238170
311690
062970
327260
339950
179530
340120
288330
336570
235980
340360
226330
322510
124560
335870
317860
302550
338100
337450
335890
336040
250030
290510
336060
337840
278650
308170
321550
297090
103840
190650
322000
306040
216080
272210
214260
084850
333430
317400
279600
332710
333050
322180
330590
013890
331520
317530
331660
272110
317870
318010
336260
300120
336370
036420
158430
234690
332290
331380
093510
330990
244460
317120
320000
256150
149300
329560
311390
195500
328380
286750
317830
228670
186230
327970
282880
317330
317770
318000
148150
313760
317850
241840
300080
323210
234340
289010
327610
251970
312610
309900
323280
323940
323230
293780
308100
305090
321260
322780
003670
253840
307930
323350
319660
319400
950180
317320
317240
279060
125210
307950
228760
317030
099750
313750
100790
192650
192080
247540
299660
316140
278280
246960
104620
053580
311060
298690
238200
311270
310840
263050
290550
307180
310200
308700
309930
299900
310870
307750
298380
303360
100590
110020
270870
307870
302430
307070
290120
128540
307280
299910
900340
307160
111710
179290
117730
290660
207490
246710
288490
267850
263690
217330
027360
208340
263020
227100
194700
268600
290670
285490
290650
306620
108490
153710
288620
306200
293580
290720
293480
110790
299170
219750
010400
257370
291230
140610
197140
303030
290740
173130
089970
086820
302920
290380
293940
110990
275630
300720
290270
091810
286940
080720
204020
297570
226950
258050
298040
298050
298020
298000
175250
289080
276240
299480
088260
245620
299670
294870
284620
037030
016790
258830
122310
163430
086080
287410
217910
950170
253590
263700
018250
064510
277070
226400
183490
006620
154030
260660
068270
042000
219420
267790
255220
264660
284740
285130
269620
285770
187870
281310
236030
281740
284420
282330
092780
272450
260930
241770
234300
281820
066360
007680
138580
282690
272550
253450
148140
950160
278990
055490
280360
180060
265560
234100
263810
255440
277410
263920
243840
179900
171090
259630
174900
263540
263750
270020
256940
260870
263600
267060
258610
270520
140670
900310
273060
118990
263800
263860
263720
091990
181340
162120
270660
238490
271980
251630
227610
272290
035720
271560
003380
261200
233250
267320
271850
270210
266170
250000
267980
225190
264850
161580
268280
267290
251270
267270
267260
267250
256630
267810
166090
258790
251370
225860
266870
264900
265520
263770
063760
264450
178320
183300
246720
145720
217480
002800
083500
087260
241820
111110
140070
206650
260970
227420
256840
242350
195440
241520
246690
258250
147760
199290
196300
203450
215600
254120
143210
241790
220100
144960
156100
258540
232830
176440
220180
241560
148780
207940
237880
900300
238120
252500
243870
216050
239610
241710
234080
900290
251280
900280
189300
072990
950140
238090
050960
201490
241590
250930
229640
204210
241690
250060
242040
234920
249420
900270
248170
230360
191600
038160
016740
208860
073560
212310
224020
123010
066830
026960
174880
071460
123890
034830
142760
237750
900260
246250
245450
195870
144510
237690
148250
208850
239340
243070
244880
112190
070960
101530
240810
058970
240340
238500
228850
225330
228340
004440
222110
222160
211270
230980
115180
065660
236200
194370
226350
142210
900250
221610
236340
067370
206950
232530
109610
233990
224060
226320
135160
215570
223310
232140
191410
145020
222980
206560
013310
217730
234070
047920
133750
225530
140860
230240
122640
222040
232680
058110
044990
225850
217820
213090
075580
221840
180400
127160
221980
212560
227950
214370
185490
211050
190510
056090
214330
089590
226340
217950
115960
092590
229500
182400
227840
226360
092870
224810
200580
214870
225430
226440
225590
079550
225570
217190
219130
039570
002690
175140
222080
220630
224110
196700
095570
131760
222810
222800
189980
222420
094360
127710
224760
214430
067730
222670
220260
214450
219550
087010
214320
214420
086220
223220
085620
218410
094170
214180
178780
214390
221800
216400
160600
217600
166480
214310
210980
103660
177350
217270
218150
160980
217500
087600
217620
187420
217880
076340
215380
215480
215790
215360
215200
217320
216280
215090
215100
214680
195990
215000
214150
215050
138250
214270
145210
189690
213420
213500
210540
060480
176750
206640
204630
208640
193250
200470
200670
200350
208710
189860
067390
080580
208350
160550
124500
208890
028260
142280
187220
208370
208140
149980
084650
210120
200710
200780
207760
196170
206400
178920
140520
150440
173940
205470
112610
200230
204840
204620
196490
018260
149010
205500
205100
191420
192440
182690
143540
121060
203650
041920
194480
204320
203690
192410
198440
202960
200880
187270
192400
177830
090410
004650
192390
059120
200130
133820
203400
105550
136660
199150
199800
196450
071850
027410
187790
192250
192820
138080
053300
084440
154040
090850
140660
189350
184230
178600
140290
049080
150840
107640
085810
185750
170030
067570
134580
006880
182360
171120
171010
161570
183410
138360
183190
076610
168330
064350
185190
131970
150900
170920
119850
180640
092040
181710
130500
170790
151860
175330
089600
172580
114920
179720
158300
086460
116100
950130
155660
141080
168490
170900
158310
097800
104540
159580
114810
153490
099190
141020
159910
950110
046970
113810
013870
141070
155650
037560
149950
163560
161890
161390
121850
161000
151910
068400
097520
153460
106520
137400
155900
014710
141000
153360
144620
072950
152550
079980
143240
126870
147830
091590
145270
140410
104830
127120
007070
130580
131090
100660
129260
115480
145990
139670
121800
138070
123570
122870
136510
089530
089030
101240
007820
115530
039130
043290
090360
131220
131390
143160
078520
137950
040910
123330
139050
023000
089980
031430
140910
138610
109080
108380
047810
071840
019770
069640
138490
137940
131100
139480
139130
053210
138690
019440
122450
121440
138040
136540
136480
023350
134060
104480
138930
020150
008470
011210
136490
134380
121600
093320
130740
131180
061970
126880
033560
048530
134790
119860
131370
064290
131290
082740
131400
117580
126560
120240
058860
130660
128660
131030
096690
900140
033830
033170
041460
105740
126600
123420
111870
123860
058400
030790
069140
119830
101930
078650
068940
123840
081660
117670
119500
058850
068240
057050
096530
122990
126700
126640
123410
002150
123040
067920
128820
122900
128940
119610
106190
105840
114120
033920
121890
123750
089850
111820
046120
102460
070300
108320
079970
123690
123700
071200
100030
122690
060980
032830
031440
900110
900100
115500
900120
115450
122350
088350
115610
120030
115310
106080
101330
114570
120110
119650
071320
115390
115570
115440
050860
012160
114630
080530
118000
900070
099520
114450
104460
096640
112040
052690
108860
900080
088290
114190
114090
115160
109960
034730
099410
101000
109820
032560
082920
000080
042520
082640
104200
052860
047400
105330
093240
109740
095700
108230
100130
103230
039490
063080
111770
109860
033660
053690
028100
102120
101730
102710
099440
099220
101680
071970
010240
101170
081150
108670
098660
071670
101490
100120
102940
101400
105630
109070
106240
107590
086890
104040
078070
086900
058630
059100
035420
067630
092130
026940
105560
100700
104700
098120
083470
100090
103590
103140
011070
101390
076080
101670
094840
017180
063170
047560
100220
096240
102260
101160
099320
102280
064480
098460
067000
018620
095610
053280
096870
032640
059210
097870
087730
101140
020560
101060
100840
100250
091440
096040
085310
097780
096630
068330
093920
067010
096350
051600
069920
096610
092070
094820
086670
093230
092440
095190
044450
094280
092300
033270
093640
092200
095910
081580
073110
094970
080520
095340
085910
095500
027580
097950
086040
028670
090740
057540
094940
095270
097230
093190
096760
091340
096770
072770
094480
086520
065150
078340
095660
029780
092600
069410
096300
001780
093380
095720
086450
064820
091580
092460
073540
091120
094850
094860
094800
078020
093520
048260
091970
092730
090460
039200
089010
090470
088130
090370
093370
084110
089150
091700
086390
090710
093050
060540
066310
067280
044380
044820
086250
089890
034590
080470
089140
089790
090150
088390
009770
092220
092230
089230
043150
086960
089470
038060
091090
083660
062860
063570
086980
068050
085370
039290
090350
090430
078860
088910
032350
054950
090080
049800
084730
035510
086060
022220
088790
088800
088980
023530
068760
083450
019990
079370
046110
085670
084370
083790
064550
084990
083640
085660
086280
078140
067900
083550
084870
084180
086790
050540
001560
080420
083650
079190
045890
079430
082800
043910
079000
084010
041020
078590
038070
075180
083420
079940
077360
083930
067310
083310
082660
080010
084690
058220
071950
078160
082850
080160
084680
084670
042700
078890
050890
004890
082210
082270
075130
080440
010960
073240
073490
079950
079960
080220
079170
079810
080000
052220
079650
052900
066910
049950
052460
079160
081000
072870
073010
046440
078600
054450
078150
067990
014830
051360
072520
041650
078130
068790
023810
078940
048870
065350
078930
077500
058730
039340
034220
064260
078000
011080
050090
029960
057030
065770
074430
066700
066900
078350
077970
075970
069540
073190
054090
041910
034310
019680
039670
067770
070590
073570
073640
065680
057880
024110
074610
060570
066410
067160
074600
071280
069510
067170
054780
041440
025750
072020
065510
072470
068930
069110
007660
035250
069330
064760
037270
052710
072710
065950
047310
071050
056000
041520
065560
072130
034120
064240
066790
069080
036570
071090
067080
066590
067290
066130
046140
065450
065130
069730
065440
006890
049630
021650
051370
065650
065570
066980
016100
011500
042040
066970
066670
066430
047820
064090
049960
053290
064520
069960
035600
065170
069460
034230
069620
041590
027740
036530
069260
042600
033530
065500
060900
066620
052770
065420
064800
058430
039980
048410
068290
067830
058610
045340
030610
065710
065690
009240
066110
043710
060560
036010
060280
065620
060230
046940
057680
034300
060150
065530
063440
017370
051160
065060
049180
060720
061040
050760
054210
050120
054410
060310
066570
061250
053980
024720
054050
039420
064960
039440
049550
054670
060590
049070
060370
051380
053660
037710
053270
034950
060260
060380
046310
058530
049720
052670
046890
013990
058450
059090
050320
054930
035200
054040
048470
060300
042500
058420
040350
054300
047080
020760
060250
053260
060240
056730
033180
041930
054220
014940
043590
058470
045300
056190
056700
054940
043370
063160
054620
056360
043260
038340
051390
054540
053350
054630
056080
044490
053950
053700
054920
041960
053160
052400
054180
049470
053050
043090
053110
054800
047770
053800
055550
040300
058820
035900
053590
021320
053060
053610
052790
053450
053030
052420
021240
053620
049520
052300
048910
051980
058650
051500
049120
043360
052330
052600
052020
043220
033790
051780
052190
051490
038870
045660
045390
050110
052260
036540
051900
051910
047040
047050
042660
042670
038500
051630
048550
049830
044060
024850
048770
049430
044480
046390
014620
048430
017480
049480
036670
042510
039830
036190
046070
041830
014570
045520
022100
049770
033600
044180
044960
032080
034020
010470
044340
042940
010040
048830
000250
044780
045510
045100
040160
043340
043650
037950
039030
038540
018680
039860
046210
045060
043100
042370
045970
040420
007370
041140
043610
036890
039010
009300
043200
042110
039740
039840
042420
039560
038460
039230
032820
001540
038530
039310
041190
036640
031330
030190
038620
039020
038950
036800
040610
038880
038680
041510
010280
037760
036480
038110
032500
039610
039240
038290
037440
038390
028150
036830
036810
036690
037370
036620
037350
038010
016450
001810
036630
036710
037070
016250
036560
036030
035890
036930
016710
032190
005290
003100
026040
036180
036170
037230
037460
037400
003220
036460
036490
033640
037330
036090
036200
024800
027050
036120
035290
027040
027830
036000
007120
035760
035810
035460
000850
036580
033780
009540
024090
035620
035610
020710
012790
034940
006840
006650
035150
035000
033250
033230
035080
005160
005990
034810
033240
030200
019490
031390
033430
030000
025770
033540
033500
026890
029460
030350
033160
033310
033320
009520
013810
033340
024890
033200
033290
015710
017940
018670
023590
014440
033100
033050
033110
033130
032980
019210
026150
031310
011790
032960
032680
032940
008290
010600
025890
032750
032850
032860
032790
032800
024900
015350
023960
023800
032620
032580
032540
028080
032280
012320
012340
025530
031510
031820
031860
031980
000660
023150
005320
023450
028050
029530
015360
016800
011560
024740
024070
030720
025560
030210
030960
012630
017900
025540
030530
030520
021880
021040
029480
003160
011930
019180
018880
028300
027710
021820
027970
006740
000910
020120
020000
017800
016580
023600
018310
003800
014190
013580
021050
012750
015890
012700
018000
025980
026910
017250
016590
011690
025860
018500
011300
015750
020180
006730
011200
012610
017810
017390
025820
025950
025900
011090
007460
025620
017960
025870
025880
002680
025550
025440
025320
024940
024950
014100
024840
024910
004780
013120
024830
024810
024880
025000
010580
007980
024120
017000
024060
023910
001840
023900
017650
010170
023790
023770
023760
005860
009440
008420
016880
012860
023460
006050
023410
023440
006910
018290
023160
007310
008500
014790
007530
010120
001000
012620
011370
009190
000760
014820
018700
014470
010140
009680
010690
007720
006580
011320
018120
013720
009620
005670
007330
006140
019010
009780
000390
009450
020400
014200
005710
016600
004590
016670
000440
012030
005090
014970
005750
011040
008370
007390
002290
019540
007770
017890
003310
019660
005880
008560
017510
005870
017550
021080
011170
008830
001430
008770
014580
013520
004080
006060
014530
002140
002230
016090
001620
017040
011390
011810
010130
009730
012600
004720
009200
001500
008870
008110
005820
008490
014910
003580
015860
014160
012280
019170
002210
016920
012170
009420
013030
011330
012800
001140
013360
013700
002760
007610
004920
009290
011420
004270
001940
009410
007280
009180
002170
017670
010640
003650
004380
002840
007860
019550
013000
012330
015540
001390
009320
001450
005440
015760
007690
006280
009160
008600
015230
007160
014130
008040
009140
009580
014990
010420
013570
003610
015590
014680
010820
019570
019590
006040
008060
003680
006920
015020
011280
002310
010660
011150
001770
018470
005850
009970
012510
003850
007630
008250
012690
006370
006980
002920
002220
002450
002460
007340
000890
001290
003010
014280
009810
008730
009270
004140
002960
003000
005810
001270
012200
004710
016610
008930
005500
005490
002410
005690
001230
006340
005950
016360
002810
001750
011780
003470
002620
015260
009460
005720
006660
004490
011000
009310
010100
005070
004830
001720
001200
003460
011700
005420
000500
010950
012450
011230
004020
004770
004560
006090
003530
009470
001510
010770
007110
016380
010780
002360
003830
007810
004170
010060
000520
006490
003120
000720
002710
003060
007700
008700
010620
006360
006110
006200
006400
009150
005960
009070
003070
005180
005250
000480
004310
003920
008350
003350
001880
011760
006260
001740
002100
004870
007590
004430
002780
004090
000650
000430
001080
004700
004360
008970
002880
001260
005680
005800
002630
001550
005430
004910
004690
003080
002600
001570
003960
002070
003570
004960
004370
003720
004980
004970
002870
001630
005740
002390
001380
006120
007540
003280
001250
002990
001470
001820
001020
001520
000880
001060
000670
001340
000180
005110
004450
000040
002240
004100
002820
004840
002350
004060
004000
000020
000210
001120
002720
003240
005030
006390
000590
005390
000990
006570
000220
000860
003540
005940
006800
002700
001360
000810
003230
000370
008260
000230
000490
001800
004540
001420
002020
005930
000300
001460
003620
003410
005610
000540
010050
007570
002320
002200
005380
005360
009830
002030
006380
004990
001070
004410
003560
000680
001210
000140
000320
000270
004800
001040
000150
005010
005830
002900
003090
003780
003520
002380
005300
003200
002270
002790
006220
004150
007210
000400
001130
001680
003550
000640
003690
000970
003300
004250
003030
001440
001790
000070
002420
000240
000950
003490
001530
000100
000120
000060
000050
000700
003480
